0	[ 0.01573151  0.16473798  0.02035567 -0.19635478 -0.21711674 -0.04682891
  0.0556593   0.08558357 -0.1220989  -0.012117   -0.22170079  0.03954871
 -0.01866575 -0.14747691 -0.15881863  0.12511093  0.07133272 -0.03802887
 -0.01891901 -0.06882211 -0.11333965 -0.18904572 -0.00392595 -0.07488923
 -0.08929368 -0.02709087 -0.03086978 -0.1578796  -0.22603416 -0.14941894
  0.04876909 -0.02497147 -0.16027279 -0.17940025 -0.03528752 -0.15532151
 -0.00188737 -0.15910601  0.00971536  0.00037664  0.09468729 -0.0790223
  0.06320412  0.02579973  0.05449111 -0.20251361  0.15013961  0.12459362
 -0.006065    0.15712783  0.00522506  0.06772424 -0.09805918  0.07278274
 -0.10725023 -0.10383887 -0.12641832  0.15790062 -0.09421456  0.22818752]
10	[ 0.05321566  0.21328965  0.06185047 -0.14016355 -0.15547058 -0.06315364
  0.09108685  0.10208622 -0.07784308  0.03026202 -0.24140567  0.07912834
 -0.00799797 -0.08425443 -0.17482408  0.16757444  0.0490269   0.01061822
 -0.05908523 -0.04646974 -0.14778128 -0.11935408 -0.0674962  -0.10560209
 -0.11629035  0.06289424 -0.09358079 -0.19014285 -0.19799071 -0.19104515
 -0.00260551 -0.08210342 -0.08038697 -0.18985223  0.056342   -0.07335946
  0.08576059 -0.19916624  0.07392177 -0.08750486  0.13791755  0.00659814
  0.04349359  0.12458318  0.12176399 -0.16221647  0.14063555  0.16701025
  0.08611804  0.19591646 -0.0146978   0.07435332 -0.00514819  0.1361416
 -0.06566781 -0.01655151 -0.10918499  0.19915241 -0.07537073  0.20122356]
100	[-0.05233873  0.14714122  0.03033478 -0.07150577 -0.0672015   0.04745749
 -0.04993348 -0.04366882 -0.05160641 -0.0440824  -0.84509884 -0.05542591
 -0.05924342 -0.04806657 -0.38039831  0.18160344  0.05210885 -0.04324533
  0.04348447 -0.0495948  -0.19544801 -0.03117079 -0.08697914 -0.12755377
 -0.13590884  0.13073411 -0.1531903  -0.23734712 -0.19521853 -0.24742655
 -0.49042456 -0.11739477 -0.02497066 -0.22099863  0.13152205  0.01651036
  0.1431434  -0.25500575  0.12247456 -0.15472281  0.18982085  0.0044319
  0.01229268  0.17010901  0.16877128 -0.14472795  0.14724945  0.21715846
  0.15811979  0.2505315  -0.33792722  0.08170477  0.0663628   0.20331245
  0.13872038  0.00941159 -0.12418457  0.25644494 -0.07320318  0.20524594]
200	[-0.02016569  0.15265656 -0.03477618 -0.01963095 -0.02011131  0.04295262
 -0.02815395 -0.01992625 -0.02269942 -0.01978212 -1.19036581 -0.01885071
 -0.13003733 -0.01951261 -0.84296892  0.18104267  0.02490898 -0.01945188
  0.02420555 -0.03299822 -0.35878328 -0.02631296 -0.21078178 -0.34873491
 -0.34740905  0.21366503 -0.27214977 -0.37644039 -0.32812203 -0.37891696
 -1.25644234 -0.32270822 -0.07860978 -0.38083018  0.89493879  0.02357033
  0.28321021 -0.38614416  0.27384653 -0.25039909  0.3604122  -0.01992769
  0.21226336  0.39602878  0.37465784 -0.28417455  0.33067411  0.35908701
  0.26373619  0.39564761 -1.16308067  0.34803919  0.10977774  0.34548538
  0.85428217 -0.04439302 -0.34391772  0.39938575 -0.31541161  0.35313893]
500	[ 1.18160388e-03  1.52941726e-01  1.81699860e-03  1.29985895e-03
  1.27946483e-03  2.45379769e-03  1.05255184e-03  8.15004143e-04
  9.04276945e-04  8.13550974e-04 -9.93818817e-01  1.40744772e-03
 -5.93644339e-02  9.76191920e-04 -1.00358840e+00  1.58837614e-01
 -1.48648140e-03  7.91567791e-04 -1.58955524e-03 -5.68701546e-04
 -4.31894821e-01 -2.38541783e-02 -3.49785572e-01 -4.66815925e-01
 -4.56125019e-01  2.54211371e-01 -3.33788252e-01 -4.32699309e-01
 -3.83830786e-01 -4.30507122e-01 -1.45241749e+00 -4.69356205e-01
 -1.01333436e-01 -4.46519156e-01  1.47876498e+00  2.80212813e-02
  3.64712666e-01 -4.36956762e-01  3.82281628e-01 -2.92947247e-01
  4.34600672e-01 -1.77343951e-02  3.53648862e-01  5.20617655e-01
  4.83832660e-01 -3.39515773e-01  4.09578857e-01  4.15048659e-01
  3.07029755e-01  4.51464003e-01 -1.36212859e+00  5.05477684e-01
  1.23211715e-01  4.04506090e-01  1.34655108e+00 -4.53648553e-02
 -4.46803746e-01  4.53920738e-01 -4.42565746e-01  4.11831956e-01]
1000	[ 0.00459149  0.15514927  0.00553649  0.00443782  0.00448425 -0.00537025
  0.00547818  0.00431288  0.00479698  0.00432794 -0.99438265  0.0044723
 -0.0288944   0.00431875 -0.97306342  0.15400324 -0.00539607  0.00426332
 -0.00526599  0.00531575 -0.46115748 -0.0235578  -0.41791201 -0.51554483
 -0.50075296  0.27099906 -0.35935121 -0.45476397 -0.40589654 -0.45061383
 -1.58245874 -0.53295641 -0.11201718 -0.47234986  1.56476906  0.0286535
  0.39918583 -0.45670387  0.42990096 -0.31010389  0.46502152 -0.01697447
  0.42524616  0.57490226  0.53091661 -0.36239081  0.44256432  0.43734683
  0.32451743  0.47354264 -1.51374516  0.57755587  0.12956095  0.42829353
  1.59059524 -0.0450498  -0.49106204  0.47543145 -0.50001685  0.43568885]
7871	[ 4.17796502e-03  6.06077008e-02  4.30343602e-03  3.65605693e-03
  3.77898027e-03 -7.03127597e-03  5.21133934e-03  4.31799201e-03
  4.90470682e-03  4.34468957e-03 -7.77993015e-01  3.50882879e-03
  2.29874020e-02  4.15470382e-03 -7.57060125e-01  2.53880232e-02
 -4.63003172e-03  4.29885411e-03 -4.25960726e-03  6.09803062e-03
 -5.50898430e-01 -1.78041335e-03 -5.34596982e-01 -6.30253967e-01
 -6.09723496e-01  3.29731544e-01 -4.39770214e-01 -5.33902958e-01
 -4.74713488e-01 -5.28821579e-01 -1.44952225e+00 -6.59103437e-01
 -9.92356612e-02 -5.56353073e-01  1.41865319e+00 -7.92340457e-04
  4.93716747e-01 -5.34666284e-01  5.37595880e-01 -3.76561322e-01
  5.40834477e-01  7.04030286e-04  5.25716400e-01  6.73434719e-01
  6.23480627e-01 -4.08326571e-01  5.10907419e-01  5.04114827e-01
  3.80266373e-01  5.39954374e-01 -2.12140965e+00  6.87754297e-01
  9.43291894e-02  4.97949654e-01  2.25880354e+00  3.21357746e-04
 -5.72600753e-01  5.41622491e-01 -5.93312290e-01  4.89644249e-01]
