# cycles  fidelity            EL avg              EL var              ||EL gradient||     ratio accepted samples
1         0.87076             -6410.93775         284576571653.33221  51862.38553         1.0                 
2         0.85397             -15358.25418        914841045516.47144  58801.73752         1.0                 
3         0.88242             -234.20840          110625257.31857     2233.18525          1.0                 
4         0.85630             -30798.32631        11146150309143.20508237336.94353        1.0                 
5         0.84175             -50520.22413        22166497276052.76562315531.82706        1.0                 
6         0.82087             -131646.41206       99424166568686.98438657428.78883        1.0                 
7         0.85603             -571.18577          297833967.70707     2839.49950          1.0                 
8         0.78186             -18323.34810        2146902570980.09912 71838.64336         1.0                 
9         0.90924             -757.68878          6089717159.66939    6755.22776          1.0                 
10        0.84595             -140474.15801       231433373862270.37500753705.48927        1.0                 
11        0.81655             -17109.85731        1575771789262.20435 83050.37139         1.0                 
12        0.81966             -13047.09133        776443698241.59216  38870.26479         1.0                 
13        0.81153             -1816940.08536      23025748740979976.000008924236.21646       1.0                 
14        0.88675             -132.58686          105350083.55137     832.41510           0.999916666666667   
15        0.85282             -1031.88506         1135294626.82868    2876.14394          1.0                 
16        0.82478             -3064.46847         43603884068.73369   18954.62132         1.0                 
17        0.76837             -98059.41828        62392365803474.89844892223.42940        1.0                 
18        0.81988             -53459779.72368     34289800681677078528.00000390090649.52313     0.999916666666667   
19        0.82928             -531.29895          399164226.08377     2633.94885          1.0                 
20        0.77582             -511.73745          1071039488.34029    2978.17925          1.0                 
21        0.83253             -225805.18835       585709692331240.000001433670.07663       1.0                 
22        0.85298             -22277.29146        4787683781363.50000 133744.85734        0.999916666666667   
23        0.69568             -146811.26521       173695613892728.218751358916.44414       1.0                 
24        0.81500             -2404562.27559      68800347859599864.0000012891195.75751      1.0                 
25        0.80371             -5493.27034         73093433071.85480   19436.05795         1.0                 
26        0.83333             -185034.08577       399149533373404.625001350672.45686       1.0                 
27        0.85101             -3303.92290         25953418277.58977   13695.57413         1.0                 
28        0.83983             -2158.29353         7837323259.76563    8443.36366          0.999916666666667   
29        0.84457             -566.63937          1648050747.37450    3599.22948          1.0                 
30        0.81643             -2366.04620         13030643812.97202   15111.26066         1.0                 
31        0.82925             -44019.29583        15496546920621.16406143809.57103        1.0                 
32        0.76960             -16606.83903        657619280046.03442  81944.38181         1.0                 
33        0.81775             -9466.24153         374760944159.62006  42867.89918         1.0                 
